Time - Plot 0	Amplitude - Plot 0	
0	9	
1	12	
2	11	
3	13	
4	11	
5	11	
6	12	
7	20	
8	11	
9	13	
10	20	
11	12	
12	3	
13	17	
14	13	
15	9	
16	10	
17	30	
18	10	
19	10	
20	9	
21	16	
22	8	
23	13	
24	22	
25	13	
26	12	
27	14	
28	12	
29	13	
30	9	
31	3	
32	22	
33	4	
34	13	
35	18	
36	8	
37	10	
38	4	
39	17	
40	12	
41	13	
42	22	
43	6	
44	12	
45	5	
46	28	
47	7	
48	97	
49	2100	
50	493	
51	103	
52	13	
53	10	
54	8	
55	5	
56	11	
57	29	
58	7	
59	11	
60	26	
61	18	
62	15	
63	6	
64	19	
65	8	
66	9	
67	26	
68	14	
69	12	
70	11	
71	18	
72	18	
73	13	
74	23	
75	15	
76	15	
77	16	
78	16	
79	8	
80	8	
81	9	
82	20	
83	10	
84	17	
85	23	
86	10	
87	8	
88	14	
89	27	
90	8	
91	10	
92	23	
93	12	
94	10	
95	7	
96	20	
97	9	
98	13	
99	27	
100	10	
101	6	
102	15	
103	13	
104	10	
105	11	
106	6	
107	14	
108	9	
109	12	
110	20	
111	7	
112	12	
113	10	
114	456	
115	867	
116	1204	
117	437	
118	19	
119	11	
120	14	
121	18	
122	8	
123	8	
124	24	
125	13	
126	10	
127	9	
128	19	
129	7	
130	15	
131	15	
132	38	
133	12	
134	15	
135	18	
136	4	
137	9	
138	9	
139	17	
140	9	
141	13	
142	25	
143	9	
144	6	
145	13	
146	21	
147	8	
148	15	
149	17	
150	6	
151	8	
152	18	
153	15	
154	6	
155	8	
156	5	
157	11	
158	8	
159	14	
160	63	
161	17	
162	12	
163	13	
164	41	
165	25	
166	41	
167	44	
168	15	
169	11	
170	10	
171	8	
172	5	
173	6	
174	9	
175	7	
176	5	
177	11	
178	213	
179	683	
180	880	
181	619	
182	398	
183	15	
184	6	
185	10	
186	10	
187	12	
188	12	
189	26	
190	13	
191	12	
192	37	
193	15	
194	26	
195	12	
196	20	
197	7	
198	10	
199	19	
200	11	
201	7	
202	10	
203	23	
204	13	
205	17	
206	21	
207	44	
208	29	
209	31	
210	41	
211	6	
212	9	
213	3	
214	5	
215	1	
216	3	
217	4	
218	1	
219	1	
220	5	
221	4	
222	5	
223	6	
224	7	
225	2	
226	4	
227	8	
228	14	
229	17	
230	21	
231	28	
232	36	
233	16	
234	11	
235	30	
236	8	
237	10	
238	12	
239	17	
240	6	
241	8	
242	25	
243	7	
244	14	
245	144	
246	3139	
247	1689	
248	205	
249	31	
250	10	
251	20	
252	4	
253	16	
254	11	
255	12	
256	9	
257	22	
258	14	
259	13	
260	37	
261	24	
262	19	
263	14	
264	38	
265	8	
266	11	
267	13	
268	4	
269	5	
270	4	
271	3	
272	1	
273	0	
274	7	
275	3	
276	1	
277	4	
278	7	
279	2	
280	2	
281	3	
282	13	
283	6	
284	18	
285	84	
286	34	
287	28	
288	21	
289	53	
290	17	
291	13	
292	19	
293	5	
294	4	
295	8	
296	14	
297	5	
298	5	
299	9	
300	3	
301	4	
302	6	
303	8	
304	7	
305	3	
306	7	
307	9	
308	6	
309	6	
310	31	
311	35	
312	25	
313	180	
314	1827	
315	703	
316	169	
317	33	
318	22	
319	18	
320	15	
321	42	
322	20	
323	13	
324	15	
325	13	
326	12	
327	7	
328	20	
329	5	
330	5	
331	12	
332	17	
333	9	
334	14	
335	19	
336	19	
337	16	
338	15	
339	26	
340	6	
341	12	
342	14	
343	6	
344	7	
345	10	
346	24	
347	11	
348	7	
349	21	
350	14	
351	15	
352	8	
353	19	
354	6	
355	11	
356	7	
357	25	
358	11	
359	10	
360	19	
361	11	
362	11	
363	7	
364	25	
365	15	
366	18	
367	23	
368	7	
369	8	
370	10	
371	17	
372	8	
373	9	
374	21	
375	16	
376	52	
377	320	
378	2042	
379	519	
380	20	
381	20	
382	24	
383	10	
384	10	
385	26	
386	12	
387	13	
388	9	
389	27	
390	6	
391	10	
392	21	
393	15	
394	14	
395	12	
396	21	
397	7	
398	14	
399	21	
400	7	
401	5	
402	12	
403	20	
404	7	
405	10	
406	10	
407	20	
408	12	
409	12	
410	24	
411	6	
412	9	
413	6	
414	21	
415	11	
416	12	
417	32	
418	16	
419	10	
420	13	
421	21	
422	12	
423	11	
424	24	
425	10	
426	5	
427	6	
428	22	
429	11	
430	8	
431	16	
432	23	
433	17	
434	6	
435	20	
436	8	
437	11	
438	10	
439	27	
440	10	
441	8	
442	188	
443	869	
444	976	
445	706	
446	224	
447	14	
448	11	
449	21	
450	14	
451	9	
452	16	
453	19	
454	13	
455	15	
456	10	
457	19	
458	10	
459	12	
460	30	
461	8	
462	7	
463	8	
464	13	
465	11	
466	10	
467	24	
468	12	
469	11	
470	15	
471	10	
472	5	
473	15	
474	14	
475	12	
476	9	
477	7	
478	14	
479	12	
480	16	
481	10	
482	20	
483	7	
484	8	
485	25	
486	11	
487	7	
488	10	
489	19	
490	12	
491	12	
492	17	
493	14	
494	12	
495	15	
496	23	
497	5	
498	13	
499	11	
