Time - Plot 0	Amplitude - Plot 0	
0	10	
1	15	
2	10	
3	21	
4	9	
5	12	
6	11	
7	25	
8	13	
9	12	
10	28	
11	11	
12	11	
13	8	
14	22	
15	3	
16	20	
17	27	
18	18	
19	9	
20	12	
21	15	
22	11	
23	11	
24	20	
25	10	
26	8	
27	13	
28	16	
29	13	
30	17	
31	13	
32	22	
33	13	
34	11	
35	26	
36	8	
37	12	
38	15	
39	23	
40	9	
41	10	
42	31	
43	13	
44	21	
45	13	
46	25	
47	14	
48	102	
49	2232	
50	500	
51	118	
52	14	
53	25	
54	9	
55	13	
56	7	
57	30	
58	11	
59	9	
60	19	
61	20	
62	15	
63	17	
64	14	
65	8	
66	9	
67	26	
68	13	
69	7	
70	11	
71	12	
72	7	
73	16	
74	28	
75	14	
76	12	
77	16	
78	18	
79	9	
80	3	
81	12	
82	17	
83	12	
84	7	
85	23	
86	11	
87	14	
88	10	
89	18	
90	11	
91	13	
92	28	
93	14	
94	8	
95	14	
96	17	
97	14	
98	9	
99	20	
100	13	
101	9	
102	8	
103	13	
104	15	
105	9	
106	1	
107	17	
108	9	
109	12	
110	12	
111	7	
112	11	
113	16	
114	448	
115	852	
116	1216	
117	447	
118	12	
119	14	
120	6	
121	19	
122	10	
123	7	
124	12	
125	11	
126	13	
127	15	
128	27	
129	13	
130	11	
131	12	
132	29	
133	16	
134	8	
135	10	
136	3	
137	9	
138	9	
139	18	
140	12	
141	6	
142	23	
143	15	
144	8	
145	13	
146	15	
147	3	
148	12	
149	23	
150	5	
151	12	
152	5	
153	17	
154	13	
155	10	
156	6	
157	14	
158	6	
159	14	
160	35	
161	20	
162	16	
163	19	
164	34	
165	20	
166	28	
167	55	
168	6	
169	6	
170	10	
171	14	
172	3	
173	8	
174	4	
175	3	
176	4	
177	14	
178	223	
179	685	
180	929	
181	645	
182	395	
183	21	
184	8	
185	11	
186	7	
187	12	
188	9	
189	30	
190	19	
191	11	
192	41	
193	21	
194	17	
195	14	
196	21	
197	8	
198	7	
199	19	
200	4	
201	14	
202	6	
203	18	
204	12	
205	10	
206	20	
207	63	
208	23	
209	22	
210	25	
211	9	
212	10	
213	6	
214	13	
215	4	
216	5	
217	10	
218	2	
219	3	
220	5	
221	3	
222	5	
223	5	
224	7	
225	2	
226	4	
227	8	
228	14	
229	12	
230	20	
231	21	
232	31	
233	21	
234	16	
235	20	
236	11	
237	15	
238	9	
239	13	
240	10	
241	10	
242	21	
243	7	
244	10	
245	181	
246	3043	
247	1720	
248	212	
249	26	
250	17	
251	11	
252	11	
253	15	
254	13	
255	7	
256	8	
257	29	
258	8	
259	13	
260	32	
261	14	
262	23	
263	16	
264	27	
265	9	
266	7	
267	20	
268	5	
269	2	
270	4	
271	8	
272	0	
273	2	
274	5	
275	1	
276	2	
277	4	
278	2	
279	3	
280	2	
281	3	
282	6	
283	8	
284	6	
285	99	
286	47	
287	35	
288	14	
289	41	
290	14	
291	6	
292	17	
293	8	
294	5	
295	2	
296	9	
297	4	
298	4	
299	6	
300	3	
301	9	
302	5	
303	11	
304	5	
305	3	
306	3	
307	13	
308	4	
309	7	
310	24	
311	31	
312	32	
313	188	
314	1854	
315	727	
316	172	
317	29	
318	13	
319	22	
320	16	
321	26	
322	13	
323	20	
324	23	
325	8	
326	5	
327	9	
328	10	
329	7	
330	5	
331	6	
332	26	
333	5	
334	12	
335	20	
336	12	
337	19	
338	13	
339	22	
340	7	
341	6	
342	18	
343	10	
344	3	
345	9	
346	18	
347	5	
348	14	
349	29	
350	11	
351	11	
352	11	
353	20	
354	18	
355	9	
356	12	
357	28	
358	9	
359	8	
360	26	
361	8	
362	10	
363	15	
364	19	
365	16	
366	12	
367	25	
368	8	
369	13	
370	11	
371	17	
372	8	
373	8	
374	23	
375	14	
376	56	
377	307	
378	1954	
379	538	
380	17	
381	9	
382	31	
383	10	
384	9	
385	28	
386	9	
387	10	
388	6	
389	31	
390	7	
391	16	
392	34	
393	13	
394	10	
395	15	
396	20	
397	7	
398	13	
399	25	
400	13	
401	12	
402	9	
403	27	
404	9	
405	15	
406	16	
407	29	
408	21	
409	13	
410	30	
411	7	
412	14	
413	10	
414	19	
415	4	
416	6	
417	23	
418	15	
419	8	
420	9	
421	19	
422	9	
423	10	
424	19	
425	13	
426	10	
427	7	
428	14	
429	11	
430	13	
431	13	
432	17	
433	11	
434	8	
435	23	
436	16	
437	10	
438	5	
439	13	
440	17	
441	7	
442	200	
443	844	
444	1030	
445	648	
446	186	
447	16	
448	11	
449	26	
450	7	
451	11	
452	6	
453	15	
454	11	
455	12	
456	11	
457	19	
458	9	
459	12	
460	26	
461	8	
462	13	
463	5	
464	20	
465	8	
466	15	
467	21	
468	10	
469	13	
470	15	
471	22	
472	13	
473	14	
474	22	
475	9	
476	9	
477	10	
478	24	
479	15	
480	16	
481	7	
482	23	
483	12	
484	9	
485	19	
486	14	
487	5	
488	8	
489	17	
490	7	
491	9	
492	28	
493	10	
494	17	
495	9	
496	19	
497	13	
498	6	
499	20	
