Thorlabs Beam
Version: 9.1.5787.560
Date yyyy/MM/dd	2025/12/25
Time H:mm:ss	21:31:04

Device: 	BP209-IR/M
S/N: 	M00567450

Wavelength	[nm]	900

Measurement	Time [hh:mm:ss:zzz]	Peak Position X[É m]	Peak Position Y[É m]	Centroid Position X[É m]	Centroid Position Y[É m]	AD Saturation[%]	Total Power[dBm]	Beam Width Clip X[É m]	Beam Width Clip Y[É m]	Gaussian Intensity X[%]	Gaussian Intensity Y[%]	Gaussian Diameter X[É m]	Gaussian Diameter Y[É m]	
1	21:31:04.103	-232.80	-604.80	6.20	-747.84	20.85	5.54	2798.06	3137.28	91.48	92.63	2754.38	3037.57	
2	21:31:04.201	-232.80	-604.80	6.20	-747.84	20.85	5.54	2798.06	3137.28	91.48	92.63	2754.38	3037.57	
3	21:31:04.335	-232.80	-604.80	6.20	-747.84	20.85	5.54	2798.06	3137.28	91.48	92.63	2754.38	3037.57	
4	21:31:04.417	-232.80	-604.80	6.20	-747.84	20.85	5.54	2798.06	3137.28	91.48	92.63	2754.38	3037.57	
5	21:31:04.506	-210.00	-628.80	4.84	-754.37	20.80	5.54	2781.99	3150.39	91.47	92.67	2755.74	3032.59	
6	21:31:04.595	-210.00	-628.80	4.84	-754.37	20.80	5.54	2781.99	3150.39	91.47	92.67	2755.74	3032.59	
7	21:31:04.726	-210.00	-628.80	4.84	-754.37	20.80	5.54	2781.99	3150.39	91.47	92.67	2755.74	3032.59	
8	21:31:04.808	-210.00	-628.80	4.84	-754.37	20.80	5.54	2781.99	3150.39	91.47	92.67	2755.74	3032.59	
9	21:31:04.903	-210.00	-628.80	4.84	-754.37	20.80	5.54	2781.99	3150.39	91.47	92.67	2755.74	3032.59	
10	21:31:05.010	-210.00	-628.80	4.84	-754.37	20.80	5.54	2781.99	3150.39	91.47	92.67	2755.74	3032.59	
11	21:31:05.099	-211.20	-648.00	5.26	-752.41	20.88	5.54	2789.08	3157.01	91.50	92.68	2753.97	3033.94	
12	21:31:05.208	-211.20	-648.00	5.26	-752.41	20.88	5.54	2789.08	3157.01	91.50	92.68	2753.97	3033.94	
13	21:31:05.327	-211.20	-648.00	5.26	-752.41	20.88	5.54	2789.08	3157.01	91.50	92.68	2753.97	3033.94	
14	21:31:05.415	-211.20	-648.00	5.26	-752.41	20.88	5.54	2789.08	3157.01	91.50	92.68	2753.97	3033.94	
15	21:31:05.508	-211.20	-648.00	5.26	-752.41	20.88	5.54	2789.08	3157.01	91.50	92.68	2753.97	3033.94	
16	21:31:05.606	-211.20	-648.00	5.26	-752.41	20.88	5.54	2789.08	3157.01	91.50	92.68	2753.97	3033.94	
17	21:31:05.703	-205.20	-628.80	4.42	-752.35	20.85	5.54	2788.46	3139.31	91.47	92.68	2755.25	3035.43	
18	21:31:05.834	-205.20	-628.80	4.42	-752.35	20.85	5.54	2788.46	3139.31	91.47	92.68	2755.25	3035.43	
19	21:31:05.920	-205.20	-628.80	4.42	-752.35	20.85	5.54	2788.46	3139.31	91.47	92.68	2755.25	3035.43	
20	21:31:06.007	-205.20	-628.80	4.42	-752.35	20.85	5.54	2788.46	3139.31	91.47	92.68	2755.25	3035.43	
21	21:31:06.119	-205.20	-628.80	4.42	-752.35	20.85	5.54	2788.46	3139.31	91.47	92.68	2755.25	3035.43	
22	21:31:06.212	-224.40	-680.40	4.94	-756.42	20.84	5.54	2797.91	3106.52	91.51	92.65	2752.58	3029.70	
23	21:31:06.316	-224.40	-680.40	4.94	-756.42	20.84	5.54	2797.91	3106.52	91.51	92.65	2752.58	3029.70	
24	21:31:06.413	-224.40	-680.40	4.94	-756.42	20.84	5.54	2797.91	3106.52	91.51	92.65	2752.58	3029.70	
25	21:31:06.520	-224.40	-680.40	4.94	-756.42	20.84	5.54	2797.91	3106.52	91.51	92.65	2752.58	3029.70	
26	21:31:06.632	-224.40	-680.40	4.94	-756.42	20.84	5.54	2797.91	3106.52	91.51	92.65	2752.58	3029.70	
27	21:31:06.725	-231.60	-631.20	5.58	-746.40	20.81	5.54	2774.68	3150.22	91.53	92.68	2757.67	3042.45	
28	21:31:06.816	-231.60	-631.20	5.58	-746.40	20.81	5.54	2774.68	3150.22	91.53	92.68	2757.67	3042.45	
29	21:31:06.934	-231.60	-631.20	5.58	-746.40	20.81	5.54	2774.68	3150.22	91.53	92.68	2757.67	3042.45	
30	21:31:07.014	-231.60	-631.20	5.58	-746.40	20.81	5.54	2774.68	3150.22	91.53	92.68	2757.67	3042.45	
31	21:31:07.138	-231.60	-631.20	5.58	-746.40	20.81	5.54	2774.68	3150.22	91.53	92.68	2757.67	3042.45	
32	21:31:07.225	-225.60	-632.40	5.96	-751.43	20.81	5.54	2800.86	3148.61	91.46	92.64	2761.14	3038.09	
33	21:31:07.317	-225.60	-632.40	5.96	-751.43	20.81	5.54	2800.86	3148.61	91.46	92.64	2761.14	3038.09	
34	21:31:07.432	-225.60	-632.40	5.96	-751.43	20.81	5.54	2800.86	3148.61	91.46	92.64	2761.14	3038.09	
35	21:31:07.519	-225.60	-632.40	5.96	-751.43	20.81	5.54	2800.86	3148.61	91.46	92.64	2761.14	3038.09	
36	21:31:07.642	-225.60	-632.40	5.96	-751.43	20.81	5.54	2800.86	3148.61	91.46	92.64	2761.14	3038.09	
37	21:31:07.733	-219.60	-651.60	6.57	-752.99	20.84	5.54	2767.41	3150.50	91.52	92.67	2753.19	3034.11	
38	21:31:07.822	-219.60	-651.60	6.57	-752.99	20.84	5.54	2767.41	3150.50	91.52	92.67	2753.19	3034.11	
39	21:31:07.928	-219.60	-651.60	6.57	-752.99	20.84	5.54	2767.41	3150.50	91.52	92.67	2753.19	3034.11	
40	21:31:08.026	-219.60	-651.60	6.57	-752.99	20.84	5.54	2767.41	3150.50	91.52	92.67	2753.19	3034.11	
41	21:31:08.134	-219.60	-651.60	6.57	-752.99	20.84	5.54	2767.41	3150.50	91.52	92.67	2753.19	3034.11	
42	21:31:08.224	-219.60	-651.60	6.57	-752.99	20.84	5.54	2767.41	3150.50	91.52	92.67	2753.19	3034.11	
43	21:31:08.347	-231.60	-638.40	4.51	-749.47	20.88	5.54	2762.64	3125.27	91.47	92.63	2751.13	3034.24	
44	21:31:08.430	-231.60	-638.40	4.51	-749.47	20.88	5.54	2762.64	3125.27	91.47	92.63	2751.13	3034.24	
45	21:31:08.555	-231.60	-638.40	4.51	-749.47	20.88	5.54	2762.64	3125.27	91.47	92.63	2751.13	3034.24	
46	21:31:08.637	-231.60	-638.40	4.51	-749.47	20.88	5.54	2762.64	3125.27	91.47	92.63	2751.13	3034.24	
47	21:31:08.727	-231.60	-638.40	4.51	-749.47	20.88	5.54	2762.64	3125.27	91.47	92.63	2751.13	3034.24	
48	21:31:08.831	-235.20	-640.80	4.61	-749.34	20.86	5.54	2790.99	3149.52	91.49	92.61	2751.44	3036.90	
49	21:31:08.953	-235.20	-640.80	4.61	-749.34	20.86	5.54	2790.99	3149.52	91.49	92.61	2751.44	3036.90	
50	21:31:09.032	-235.20	-640.80	4.61	-749.34	20.86	5.54	2790.99	3149.52	91.49	92.61	2751.44	3036.90	
51	21:31:09.141	-235.20	-640.80	4.61	-749.34	20.86	5.54	2790.99	3149.52	91.49	92.61	2751.44	3036.90	
52	21:31:09.232	-235.20	-640.80	4.61	-749.34	20.86	5.54	2790.99	3149.52	91.49	92.61	2751.44	3036.90	
53	21:31:09.328	-230.40	-627.60	5.05	-752.06	20.86	5.54	2775.71	3140.04	91.47	92.65	2756.09	3033.69	
54	21:31:09.447	-230.40	-627.60	5.05	-752.06	20.86	5.54	2775.71	3140.04	91.47	92.65	2756.09	3033.69	
55	21:31:09.533	-230.40	-627.60	5.05	-752.06	20.86	5.54	2775.71	3140.04	91.47	92.65	2756.09	3033.69	
56	21:31:09.635	-230.40	-627.60	5.05	-752.06	20.86	5.54	2775.71	3140.04	91.47	92.65	2756.09	3033.69	
57	21:31:09.750	-230.40	-627.60	5.05	-752.06	20.86	5.54	2775.71	3140.04	91.47	92.65	2756.09	3033.69	
58	21:31:09.836	-259.20	-662.40	4.49	-752.82	20.86	5.54	2786.30	3154.48	91.46	92.62	2756.37	3032.32	
59	21:31:09.939	-259.20	-662.40	4.49	-752.82	20.86	5.54	2786.30	3154.48	91.46	92.62	2756.37	3032.32	
60	21:31:10.040	-259.20	-662.40	4.49	-752.82	20.86	5.54	2786.30	3154.48	91.46	92.62	2756.37	3032.32	
61	21:31:10.149	-259.20	-662.40	4.49	-752.82	20.86	5.54	2786.30	3154.48	91.46	92.62	2756.37	3032.32	
62	21:31:10.235	-259.20	-662.40	4.49	-752.82	20.86	5.54	2786.30	3154.48	91.46	92.62	2756.37	3032.32	
63	21:31:10.340	-259.20	-662.40	4.49	-752.82	20.86	5.54	2786.30	3154.48	91.46	92.62	2756.37	3032.32	
64	21:31:10.441	-253.20	-612.00	5.64	-755.36	20.86	5.54	2754.14	3133.97	91.51	92.67	2752.23	3029.78	
65	21:31:10.581	-253.20	-612.00	5.64	-755.36	20.86	5.54	2754.14	3133.97	91.51	92.67	2752.23	3029.78	
66	21:31:10.663	-253.20	-612.00	5.64	-755.36	20.86	5.54	2754.14	3133.97	91.51	92.67	2752.23	3029.78	
67	21:31:10.750	-253.20	-612.00	5.64	-755.36	20.86	5.54	2754.14	3133.97	91.51	92.67	2752.23	3029.78	
68	21:31:10.843	-253.20	-612.00	5.64	-755.36	20.86	5.54	2754.14	3133.97	91.51	92.67	2752.23	3029.78	
69	21:31:10.942	-210.00	-628.80	5.78	-751.91	20.87	5.54	2765.67	3138.91	91.48	92.61	2752.61	3032.77	
70	21:31:11.060	-210.00	-628.80	5.78	-751.91	20.87	5.54	2765.67	3138.91	91.48	92.61	2752.61	3032.77	
71	21:31:11.145	-210.00	-628.80	5.78	-751.91	20.87	5.54	2765.67	3138.91	91.48	92.61	2752.61	3032.77	
72	21:31:11.282	-210.00	-628.80	5.78	-751.91	20.87	5.54	2765.67	3138.91	91.48	92.61	2752.61	3032.77	
73	21:31:11.376	-210.00	-628.80	5.78	-751.91	20.87	5.54	2765.67	3138.91	91.48	92.61	2752.61	3032.77	
74	21:31:11.464	-192.00	-648.00	4.28	-751.42	20.83	5.54	2782.19	3157.47	91.47	92.65	2755.64	3033.45	
75	21:31:11.548	-192.00	-648.00	4.28	-751.42	20.83	5.54	2782.19	3157.47	91.47	92.65	2755.64	3033.45	
76	21:31:11.662	-192.00	-648.00	4.28	-751.42	20.83	5.54	2782.19	3157.47	91.47	92.65	2755.64	3033.45	
77	21:31:11.745	-192.00	-648.00	4.28	-751.42	20.83	5.54	2782.19	3157.47	91.47	92.65	2755.64	3033.45	
78	21:31:11.858	-192.00	-648.00	4.28	-751.42	20.83	5.54	2782.19	3157.47	91.47	92.65	2755.64	3033.45	
79	21:31:11.949	-192.00	-648.00	4.28	-751.42	20.83	5.54	2782.19	3157.47	91.47	92.65	2755.64	3033.45	
80	21:31:12.050	-208.80	-602.40	4.62	-748.80	20.83	5.54	2757.74	3157.38	91.44	92.63	2753.18	3035.66	
81	21:31:12.151	-208.80	-602.40	4.62	-748.80	20.83	5.54	2757.74	3157.38	91.44	92.63	2753.18	3035.66	
82	21:31:12.272	-208.80	-602.40	4.62	-748.80	20.83	5.54	2757.74	3157.38	91.44	92.63	2753.18	3035.66	
83	21:31:12.357	-208.80	-602.40	4.62	-748.80	20.83	5.54	2757.74	3157.38	91.44	92.63	2753.18	3035.66	
84	21:31:12.458	-208.80	-602.40	4.62	-748.80	20.83	5.54	2757.74	3157.38	91.44	92.63	2753.18	3035.66	
85	21:31:12.553	-219.60	-633.60	1.75	-751.05	20.85	5.54	2784.93	3153.11	91.50	92.67	2761.14	3036.39	
86	21:31:12.660	-219.60	-633.60	1.75	-751.05	20.85	5.54	2784.93	3153.11	91.50	92.67	2761.14	3036.39	
87	21:31:12.753	-219.60	-633.60	1.75	-751.05	20.85	5.54	2784.93	3153.11	91.50	92.67	2761.14	3036.39	
88	21:31:12.859	-219.60	-633.60	1.75	-751.05	20.85	5.54	2784.93	3153.11	91.50	92.67	2761.14	3036.39	
89	21:31:12.964	-219.60	-633.60	1.75	-751.05	20.85	5.54	2784.93	3153.11	91.50	92.67	2761.14	3036.39	
90	21:31:13.052	-225.60	-626.40	4.13	-752.52	20.83	5.54	2774.83	3153.88	91.51	92.67	2756.61	3033.53	
91	21:31:13.178	-225.60	-626.40	4.13	-752.52	20.83	5.54	2774.83	3153.88	91.51	92.67	2756.61	3033.53	
92	21:31:13.261	-225.60	-626.40	4.13	-752.52	20.83	5.54	2774.83	3153.88	91.51	92.67	2756.61	3033.53	
93	21:31:13.365	-225.60	-626.40	4.13	-752.52	20.83	5.54	2774.83	3153.88	91.51	92.67	2756.61	3033.53	
94	21:31:13.471	-225.60	-626.40	4.13	-752.52	20.83	5.54	2774.83	3153.88	91.51	92.67	2756.61	3033.53	
95	21:31:13.563	-232.80	-663.60	4.97	-753.31	20.84	5.54	2774.28	3158.23	91.50	92.64	2752.45	3031.51	
96	21:31:13.670	-232.80	-663.60	4.97	-753.31	20.84	5.54	2774.28	3158.23	91.50	92.64	2752.45	3031.51	
97	21:31:13.761	-232.80	-663.60	4.97	-753.31	20.84	5.54	2774.28	3158.23	91.50	92.64	2752.45	3031.51	
98	21:31:13.871	-232.80	-663.60	4.97	-753.31	20.84	5.54	2774.28	3158.23	91.50	92.64	2752.45	3031.51	
99	21:31:13.963	-232.80	-663.60	4.97	-753.31	20.84	5.54	2774.28	3158.23	91.50	92.64	2752.45	3031.51	
100	21:31:14.068	-232.80	-663.60	4.97	-753.31	20.84	5.54	2774.28	3158.23	91.50	92.64	2752.45	3031.51	
101	21:31:14.164	-202.80	-624.00	3.91	-754.41	20.85	5.54	2785.99	3143.08	91.45	92.67	2761.96	3032.57	
102	21:31:14.265	-202.80	-624.00	3.91	-754.41	20.85	5.54	2785.99	3143.08	91.45	92.67	2761.96	3032.57	
103	21:31:14.372	-202.80	-624.00	3.91	-754.41	20.85	5.54	2785.99	3143.08	91.45	92.67	2761.96	3032.57	
104	21:31:14.473	-202.80	-624.00	3.91	-754.41	20.85	5.54	2785.99	3143.08	91.45	92.67	2761.96	3032.57	
105	21:31:14.569	-202.80	-624.00	3.91	-754.41	20.85	5.54	2785.99	3143.08	91.45	92.67	2761.96	3032.57	
106	21:31:14.668	-201.60	-616.80	5.80	-752.81	20.78	5.54	2784.29	3150.24	91.48	92.62	2759.94	3037.26	
107	21:31:14.775	-201.60	-616.80	5.80	-752.81	20.78	5.54	2784.29	3150.24	91.48	92.62	2759.94	3037.26	
108	21:31:14.872	-201.60	-616.80	5.80	-752.81	20.78	5.54	2784.29	3150.24	91.48	92.62	2759.94	3037.26	
109	21:31:14.970	-201.60	-616.80	5.80	-752.81	20.78	5.54	2784.29	3150.24	91.48	92.62	2759.94	3037.26	
110	21:31:15.093	-201.60	-616.80	5.80	-752.81	20.78	5.54	2784.29	3150.24	91.48	92.62	2759.94	3037.26	
111	21:31:15.185	-217.20	-656.40	5.49	-749.11	20.71	5.54	2764.84	3134.77	91.51	92.64	2756.84	3044.63	
112	21:31:15.271	-217.20	-656.40	5.49	-749.11	20.71	5.54	2764.84	3134.77	91.51	92.64	2756.84	3044.63	
113	21:31:15.376	-217.20	-656.40	5.49	-749.11	20.71	5.54	2764.84	3134.77	91.51	92.64	2756.84	3044.63	
114	21:31:15.474	-217.20	-656.40	5.49	-749.11	20.71	5.54	2764.84	3134.77	91.51	92.64	2756.84	3044.63	
115	21:31:15.576	-217.20	-656.40	5.49	-749.11	20.71	5.54	2764.84	3134.77	91.51	92.64	2756.84	3044.63	
116	21:31:15.685	-217.20	-656.40	5.49	-749.11	20.71	5.54	2764.84	3134.77	91.51	92.64	2756.84	3044.63	
117	21:31:15.774	-187.20	-637.20	6.51	-743.43	20.67	5.54	2784.16	3168.35	91.52	92.65	2757.58	3046.02	
118	21:31:15.894	-187.20	-637.20	6.51	-743.43	20.67	5.54	2784.16	3168.35	91.52	92.65	2757.58	3046.02	
119	21:31:15.977	-187.20	-637.20	6.51	-743.43	20.67	5.54	2784.16	3168.35	91.52	92.65	2757.58	3046.02	
120	21:31:16.097	-187.20	-637.20	6.51	-743.43	20.67	5.54	2784.16	3168.35	91.52	92.65	2757.58	3046.02	
121	21:31:16.179	-187.20	-637.20	6.51	-743.43	20.67	5.54	2784.16	3168.35	91.52	92.65	2757.58	3046.02	
122	21:31:16.290	-187.20	-637.20	6.51	-743.43	20.67	5.54	2784.16	3168.35	91.52	92.65	2757.58	3046.02	
123	21:31:16.380	-229.20	-627.60	6.46	-751.85	20.73	5.54	2772.83	3158.70	91.51	92.66	2755.95	3038.06	
124	21:31:16.488	-229.20	-627.60	6.46	-751.85	20.73	5.54	2772.83	3158.70	91.51	92.66	2755.95	3038.06	
125	21:31:16.590	-229.20	-627.60	6.46	-751.85	20.73	5.54	2772.83	3158.70	91.51	92.66	2755.95	3038.06	
126	21:31:16.685	-229.20	-627.60	6.46	-751.85	20.73	5.54	2772.83	3158.70	91.51	92.66	2755.95	3038.06	
127	21:31:16.786	-229.20	-627.60	6.46	-751.85	20.73	5.54	2772.83	3158.70	91.51	92.66	2755.95	3038.06	
128	21:31:16.892	-229.20	-627.60	6.46	-751.85	20.73	5.54	2772.83	3158.70	91.51	92.66	2755.95	3038.06	
129	21:31:16.986	-240.00	-634.80	4.23	-751.51	20.81	5.54	2765.69	3123.98	91.50	92.62	2757.73	3032.69	
130	21:31:17.098	-240.00	-634.80	4.23	-751.51	20.81	5.54	2765.69	3123.98	91.50	92.62	2757.73	3032.69	
131	21:31:17.188	-240.00	-634.80	4.23	-751.51	20.81	5.54	2765.69	3123.98	91.50	92.62	2757.73	3032.69	
132	21:31:17.297	-240.00	-634.80	4.23	-751.51	20.81	5.54	2765.69	3123.98	91.50	92.62	2757.73	3032.69	
133	21:31:17.388	-240.00	-634.80	4.23	-751.51	20.81	5.54	2765.69	3123.98	91.50	92.62	2757.73	3032.69	
134	21:31:17.510	-240.00	-634.80	4.23	-751.51	20.81	5.54	2765.69	3123.98	91.50	92.62	2757.73	3032.69	
135	21:31:17.602	-219.60	-621.60	6.27	-753.06	20.79	5.54	2787.80	3160.86	91.52	92.67	2758.69	3035.38	
136	21:31:17.691	-219.60	-621.60	6.27	-753.06	20.79	5.54	2787.80	3160.86	91.52	92.67	2758.69	3035.38	
137	21:31:17.792	-219.60	-621.60	6.27	-753.06	20.79	5.54	2787.80	3160.86	91.52	92.67	2758.69	3035.38	
138	21:31:17.900	-219.60	-621.60	6.27	-753.06	20.79	5.54	2787.80	3160.86	91.52	92.67	2758.69	3035.38	
139	21:31:17.995	-219.60	-621.60	6.27	-753.06	20.79	5.54	2787.80	3160.86	91.52	92.67	2758.69	3035.38	
140	21:31:18.100	-219.60	-621.60	6.27	-753.06	20.79	5.54	2787.80	3160.86	91.52	92.67	2758.69	3035.38	
141	21:31:18.194	-235.20	-630.00	6.65	-752.14	20.78	5.54	2777.10	3141.42	91.49	92.63	2754.71	3036.22	
142	21:31:18.304	-235.20	-630.00	6.65	-752.14	20.78	5.54	2777.10	3141.42	91.49	92.63	2754.71	3036.22	
143	21:31:18.395	-235.20	-630.00	6.65	-752.14	20.78	5.54	2777.10	3141.42	91.49	92.63	2754.71	3036.22	
144	21:31:18.499	-235.20	-630.00	6.65	-752.14	20.78	5.54	2777.10	3141.42	91.49	92.63	2754.71	3036.22	
145	21:31:18.596	-235.20	-630.00	6.65	-752.14	20.78	5.54	2777.10	3141.42	91.49	92.63	2754.71	3036.22	
146	21:31:18.703	-235.20	-630.00	6.65	-752.14	20.78	5.54	2777.10	3141.42	91.49	92.63	2754.71	3036.22	
147	21:31:18.826	-224.40	-648.00	5.08	-752.18	20.81	5.54	2786.78	3136.41	91.47	92.69	2757.46	3031.51	
148	21:31:18.907	-224.40	-648.00	5.08	-752.18	20.81	5.54	2786.78	3136.41	91.47	92.69	2757.46	3031.51	
149	21:31:18.996	-224.40	-648.00	5.08	-752.18	20.81	5.54	2786.78	3136.41	91.47	92.69	2757.46	3031.51	
150	21:31:19.132	-224.40	-648.00	5.08	-752.18	20.81	5.54	2786.78	3136.41	91.47	92.69	2757.46	3031.51	
151	21:31:19.219	-224.40	-648.00	5.08	-752.18	20.81	5.54	2786.78	3136.41	91.47	92.69	2757.46	3031.51	
152	21:31:19.313	-226.80	-640.80	5.47	-756.10	20.82	5.54	2796.35	3151.00	91.50	92.64	2754.58	3029.94	
153	21:31:19.400	-226.80	-640.80	5.47	-756.10	20.82	5.54	2796.35	3151.00	91.50	92.64	2754.58	3029.94	
154	21:31:19.500	-226.80	-640.80	5.47	-756.10	20.82	5.54	2796.35	3151.00	91.50	92.64	2754.58	3029.94	
155	21:31:19.608	-226.80	-640.80	5.47	-756.10	20.82	5.54	2796.35	3151.00	91.50	92.64	2754.58	3029.94	
156	21:31:19.701	-226.80	-640.80	5.47	-756.10	20.82	5.54	2796.35	3151.00	91.50	92.64	2754.58	3029.94	
157	21:31:19.808	-226.80	-640.80	5.47	-756.10	20.82	5.54	2796.35	3151.00	91.50	92.64	2754.58	3029.94	
158	21:31:19.901	-189.60	-652.80	5.22	-753.23	20.90	5.54	2774.32	3149.31	91.46	92.63	2753.34	3033.69	
159	21:31:20.014	-189.60	-652.80	5.22	-753.23	20.90	5.54	2774.32	3149.31	91.46	92.63	2753.34	3033.69	
160	21:31:20.104	-189.60	-652.80	5.22	-753.23	20.90	5.54	2774.32	3149.31	91.46	92.63	2753.34	3033.69	
161	21:31:20.209	-189.60	-652.80	5.22	-753.23	20.90	5.54	2774.32	3149.31	91.46	92.63	2753.34	3033.69	
162	21:31:20.306	-189.60	-652.80	5.22	-753.23	20.90	5.54	2774.32	3149.31	91.46	92.63	2753.34	3033.69	
163	21:31:20.409	-220.80	-654.00	2.00	-753.82	20.82	5.54	2783.48	3159.36	91.40	92.65	2762.47	3037.43	
164	21:31:20.518	-220.80	-654.00	2.00	-753.82	20.82	5.54	2783.48	3159.36	91.40	92.65	2762.47	3037.43	
165	21:31:20.610	-220.80	-654.00	2.00	-753.82	20.82	5.54	2783.48	3159.36	91.40	92.65	2762.47	3037.43	
166	21:31:20.719	-220.80	-654.00	2.00	-753.82	20.82	5.54	2783.48	3159.36	91.40	92.65	2762.47	3037.43	
167	21:31:20.825	-220.80	-654.00	2.00	-753.82	20.82	5.54	2783.48	3159.36	91.40	92.65	2762.47	3037.43	
168	21:31:20.915	-253.20	-652.80	3.89	-748.43	20.81	5.54	2773.00	3152.32	91.50	92.67	2751.71	3040.24	
169	21:31:21.019	-253.20	-652.80	3.89	-748.43	20.81	5.54	2773.00	3152.32	91.50	92.67	2751.71	3040.24	
170	21:31:21.114	-253.20	-652.80	3.89	-748.43	20.81	5.54	2773.00	3152.32	91.50	92.67	2751.71	3040.24	
171	21:31:21.216	-253.20	-652.80	3.89	-748.43	20.81	5.54	2773.00	3152.32	91.50	92.67	2751.71	3040.24	
172	21:31:21.314	-253.20	-652.80	3.89	-748.43	20.81	5.54	2773.00	3152.32	91.50	92.67	2751.71	3040.24	
173	21:31:21.435	-253.20	-652.80	3.89	-748.43	20.81	5.54	2773.00	3152.32	91.50	92.67	2751.71	3040.24	
174	21:31:21.527	-248.40	-636.00	4.95	-751.51	20.81	5.54	2782.90	3146.87	91.49	92.68	2754.54	3036.49	
175	21:31:21.616	-248.40	-636.00	4.95	-751.51	20.81	5.54	2782.90	3146.87	91.49	92.68	2754.54	3036.49	
176	21:31:21.717	-248.40	-636.00	4.95	-751.51	20.81	5.54	2782.90	3146.87	91.49	92.68	2754.54	3036.49	
177	21:31:21.817	-248.40	-636.00	4.95	-751.51	20.81	5.54	2782.90	3146.87	91.49	92.68	2754.54	3036.49	
178	21:31:21.927	-248.40	-636.00	4.95	-751.51	20.81	5.54	2782.90	3146.87	91.49	92.68	2754.54	3036.49	
179	21:31:22.020	-248.40	-636.00	4.95	-751.51	20.81	5.54	2782.90	3146.87	91.49	92.68	2754.54	3036.49	
180	21:31:22.123	-228.00	-624.00	5.29	-752.33	20.84	5.54	2783.02	3136.56	91.54	92.70	2752.23	3036.62	
181	21:31:22.221	-228.00	-624.00	5.29	-752.33	20.84	5.54	2783.02	3136.56	91.54	92.70	2752.23	3036.62	
182	21:31:22.321	-228.00	-624.00	5.29	-752.33	20.84	5.54	2783.02	3136.56	91.54	92.70	2752.23	3036.62	
183	21:31:22.425	-228.00	-624.00	5.29	-752.33	20.84	5.54	2783.02	3136.56	91.54	92.70	2752.23	3036.62	
184	21:31:22.525	-228.00	-624.00	5.29	-752.33	20.84	5.54	2783.02	3136.56	91.54	92.70	2752.23	3036.62	
185	21:31:22.621	-218.40	-622.80	5.16	-749.17	20.80	5.54	2799.46	3158.60	91.52	92.67	2756.13	3041.24	
186	21:31:22.749	-218.40	-622.80	5.16	-749.17	20.80	5.54	2799.46	3158.60	91.52	92.67	2756.13	3041.24	
187	21:31:22.833	-218.40	-622.80	5.16	-749.17	20.80	5.54	2799.46	3158.60	91.52	92.67	2756.13	3041.24	
188	21:31:22.925	-218.40	-622.80	5.16	-749.17	20.80	5.54	2799.46	3158.60	91.52	92.67	2756.13	3041.24	
189	21:31:23.026	-218.40	-622.80	5.16	-749.17	20.80	5.54	2799.46	3158.60	91.52	92.67	2756.13	3041.24	
190	21:31:23.125	-188.40	-642.00	6.97	-760.43	20.75	5.54	2795.26	3158.83	91.56	92.68	2756.31	3030.77	
191	21:31:23.232	-188.40	-642.00	6.97	-760.43	20.75	5.54	2795.26	3158.83	91.56	92.68	2756.31	3030.77	
192	21:31:23.349	-188.40	-642.00	6.97	-760.43	20.75	5.54	2795.26	3158.83	91.56	92.68	2756.31	3030.77	
193	21:31:23.434	-188.40	-642.00	6.97	-760.43	20.75	5.54	2795.26	3158.83	91.56	92.68	2756.31	3030.77	
194	21:31:23.535	-188.40	-642.00	6.97	-760.43	20.75	5.54	2795.26	3158.83	91.56	92.68	2756.31	3030.77	
195	21:31:23.627	-243.60	-614.40	5.08	-749.40	20.85	5.54	2758.70	3153.80	91.53	92.68	2752.91	3038.41	
196	21:31:23.751	-243.60	-614.40	5.08	-749.40	20.85	5.54	2758.70	3153.80	91.53	92.68	2752.91	3038.41	
197	21:31:23.833	-243.60	-614.40	5.08	-749.40	20.85	5.54	2758.70	3153.80	91.53	92.68	2752.91	3038.41	
198	21:31:23.936	-243.60	-614.40	5.08	-749.40	20.85	5.54	2758.70	3153.80	91.53	92.68	2752.91	3038.41	
199	21:31:24.044	-243.60	-614.40	5.08	-749.40	20.85	5.54	2758.70	3153.80	91.53	92.68	2752.91	3038.41	
200	21:31:24.138	-222.00	-646.80	4.16	-751.43	20.82	5.54	2788.93	3160.46	91.51	92.67	2763.48	3038.60	
201	21:31:24.246	-222.00	-646.80	4.16	-751.43	20.82	5.54	2788.93	3160.46	91.51	92.67	2763.48	3038.60	
202	21:31:24.341	-222.00	-646.80	4.16	-751.43	20.82	5.54	2788.93	3160.46	91.51	92.67	2763.48	3038.60	
203	21:31:24.447	-222.00	-646.80	4.16	-751.43	20.82	5.54	2788.93	3160.46	91.51	92.67	2763.48	3038.60	
204	21:31:24.538	-222.00	-646.80	4.16	-751.43	20.82	5.54	2788.93	3160.46	91.51	92.67	2763.48	3038.60	
205	21:31:24.658	-222.00	-646.80	4.16	-751.43	20.82	5.54	2788.93	3160.46	91.51	92.67	2763.48	3038.60	
206	21:31:24.747	-222.00	-631.20	7.04	-755.10	20.82	5.54	2781.95	3140.52	91.58	92.73	2757.11	3031.89	
207	21:31:24.859	-222.00	-631.20	7.04	-755.10	20.82	5.54	2781.95	3140.52	91.58	92.73	2757.11	3031.89	
208	21:31:24.942	-222.00	-631.20	7.04	-755.10	20.82	5.54	2781.95	3140.52	91.58	92.73	2757.11	3031.89	
209	21:31:25.063	-222.00	-631.20	7.04	-755.10	20.82	5.54	2781.95	3140.52	91.58	92.73	2757.11	3031.89	
210	21:31:25.146	-222.00	-631.20	7.04	-755.10	20.82	5.54	2781.95	3140.52	91.58	92.73	2757.11	3031.89	
